{
 "metadata": {
  "language_info": {
   "codemirror_mode": {
    "name": "ipython",
    "version": 3
   },
   "file_extension": ".py",
   "mimetype": "text/x-python",
   "name": "python",
   "nbconvert_exporter": "python",
   "pygments_lexer": "ipython3",
   "version": "3.8.5-final"
  },
  "orig_nbformat": 2,
  "kernelspec": {
   "name": "python38564bitmyenv8177909c113c483aa449038c9ae36dfd",
   "display_name": "Python 3.8.5 64-bit ('myenv')"
  }
 },
 "nbformat": 4,
 "nbformat_minor": 2,
 "cells": [
  {
   "cell_type": "code",
   "execution_count": 1,
   "metadata": {
    "tags": []
   },
   "outputs": [],
   "source": [
    "import numpy as np\n",
    "import cv2\n",
    "import glob\n",
    "\n",
    "# we will find a 7 by 7 chess grid\n",
    "gridDim = 7\n",
    "\n",
    "# setting termination criteria\n",
    "criteria = (cv2.TERM_CRITERIA_EPS + cv2.TERM_CRITERIA_MAX_ITER, 30, 0.001)\n",
    "\n",
    "# preparing object points, like (0,0,0), (1,0,0), (2,0,0) ....,(6,5,0)\n",
    "objp = np.zeros((gridDim * gridDim, 3), np.float32)\n",
    "objp[:,:2] = np.mgrid[0 : gridDim, 0 : gridDim].T.reshape(-1, 2)\n",
    "\n",
    "# Arrays to store object points and image points from all the images.\n",
    "objpoints = [] # 3d point in real world space\n",
    "imgpoints = [] # 2d points in image plane.\n",
    "\n",
    "images = glob.glob('calibrationPhotos/*.jpg')\n",
    "\n",
    "# calculating intrinsic parameters in pixels\n",
    "for fname in images:\n",
    "    img = cv2.imread(fname)\n",
    "    gray = cv2.cvtColor(img, cv2.COLOR_BGR2GRAY)\n",
    "\n",
    "    # Finding the 7x7 chessboard corners\n",
    "    ret, corners = cv2.findChessboardCorners(gray, (gridDim, gridDim), None)\n",
    "\n",
    "    if ret == True:\n",
    "        objpoints.append(objp)\n",
    "\n",
    "        corners2 = cv2.cornerSubPix(gray, corners, (11, 11), (-1, -1), criteria)\n",
    "        imgpoints.append(corners2)\n",
    "\n",
    "        # Draw and display the corners\n",
    "        img = cv2.drawChessboardCorners(img, (gridDim, gridDim), corners2, ret)\n",
    "        img = cv2.resize(img, (540, 960))\n",
    "        '''\n",
    "        cv2.imshow(fname, img)\n",
    "        cv2.waitKey(00)\n",
    "        cv2.destroyAllWindows()\n",
    "        '''\n"
   ]
  },
  {
   "cell_type": "code",
   "execution_count": 2,
   "metadata": {
    "tags": []
   },
   "outputs": [
    {
     "output_type": "stream",
     "name": "stdout",
     "text": "1.5350202492570277\n[[2.96963278e+03 0.00000000e+00 1.03109536e+03]\n [0.00000000e+00 2.99321282e+03 1.72815405e+03]\n [0.00000000e+00 0.00000000e+00 1.00000000e+00]]\n[[ 0.13964465 -2.94796829 -0.03509533 -0.0134911  13.11667691]]\n[array([[-0.46157642],\n       [-0.07047107],\n       [ 0.56028886]]), array([[-0.33540015],\n       [ 0.36761341],\n       [ 1.43092637]]), array([[ 0.28458689],\n       [-0.82049503],\n       [ 1.49213999]]), array([[-1.11850531],\n       [-0.41396707],\n       [-0.04135593]]), array([[-0.15340126],\n       [-0.18482341],\n       [ 0.21639658]]), array([[ 0.51920667],\n       [-0.75424544],\n       [ 1.3707366 ]]), array([[-0.77186802],\n       [ 0.0816996 ],\n       [ 0.13779301]]), array([[ 0.71183341],\n       [-0.46406707],\n       [ 0.45983717]]), array([[-0.87693091],\n       [-0.04632117],\n       [ 0.09486029]]), array([[ 0.14058788],\n       [-0.66535769],\n       [ 0.84298798]]), array([[-0.53810913],\n       [-0.0302962 ],\n       [ 0.15531315]]), array([[-0.01495586],\n       [-0.28381546],\n       [ 1.39913333]]), array([[ 0.29815765],\n       [-0.32514796],\n       [ 0.72807241]]), array([[0.67905033],\n       [0.73766319],\n       [0.4517523 ]]), array([[ 0.67033532],\n       [-0.26321235],\n       [ 1.02119528]]), array([[ 0.38773356],\n       [-0.0218631 ],\n       [ 0.4200473 ]]), array([[-0.43013111],\n       [-0.0836261 ],\n       [ 0.04000502]]), array([[-0.21134321],\n       [-0.17343024],\n       [ 1.18118506]]), array([[-0.60939024],\n       [-0.10951785],\n       [ 0.63769951]]), array([[ 0.58087145],\n       [-1.04409021],\n       [ 1.84993864]]), array([[ 0.03972509],\n       [-0.22738454],\n       [ 0.55752669]]), array([[ 0.48658739],\n       [-0.13754727],\n       [ 0.13942469]]), array([[-0.49752153],\n       [-0.2138835 ],\n       [ 0.11500427]]), array([[-0.23034175],\n       [-0.3279211 ],\n       [ 0.37935643]]), array([[1.09846084],\n       [0.3805325 ],\n       [0.59885038]]), array([[-0.74794108],\n       [-0.21742484],\n       [ 0.38515144]]), array([[-0.62608372],\n       [ 0.17774645],\n       [ 0.76892735]]), array([[ 0.14707216],\n       [-0.29057064],\n       [ 0.39436187]]), array([[-0.03889719],\n       [-0.80277765],\n       [ 1.38445589]]), array([[ 0.14126508],\n       [-0.45990484],\n       [ 0.15237847]]), array([[-0.15524885],\n       [-0.15631307],\n       [ 0.45206054]]), array([[ 0.24329682],\n       [-0.40625696],\n       [ 0.6335742 ]]), array([[-0.00711119],\n       [ 0.21414468],\n       [ 1.33727493]]), array([[-0.20950244],\n       [-0.01346637],\n       [ 0.38236114]]), array([[-0.63007861],\n       [-0.3243773 ],\n       [ 0.07860671]]), array([[ 0.1126508 ],\n       [-0.60217037],\n       [ 0.34232789]]), array([[-0.59296602],\n       [ 0.10335122],\n       [ 0.50152624]]), array([[ 0.43944361],\n       [-0.7780377 ],\n       [ 0.57570023]]), array([[-0.03683724],\n       [-0.27353598],\n       [ 1.50939335]]), array([[-0.30430899],\n       [-0.78981829],\n       [ 0.65651313]]), array([[-0.58690808],\n       [-0.17403533],\n       [ 0.27795244]]), array([[-0.22485939],\n       [-0.66046261],\n       [ 1.39780097]]), array([[-0.30388031],\n       [-0.11048531],\n       [ 0.45383356]]), array([[-0.57025115],\n       [-0.08520054],\n       [ 0.10055768]]), array([[ 0.4499776],\n       [-0.2972933],\n       [ 0.3927772]]), array([[ 0.17605113],\n       [-0.21690723],\n       [ 0.0301506 ]]), array([[ 0.38321585],\n       [-0.62733802],\n       [ 0.35027896]]), array([[-0.03515341],\n       [-0.1786037 ],\n       [-0.03798056]]), array([[-1.11213859],\n       [-0.30195097],\n       [-0.9297769 ]]), array([[ 0.05933494],\n       [-0.41382483],\n       [ 1.43013388]]), array([[-0.30403676],\n       [-0.13930257],\n       [ 0.45686289]]), array([[-0.28461578],\n       [-0.9191554 ],\n       [ 0.00418247]]), array([[-0.02845563],\n       [-0.29890204],\n       [ 0.56346439]]), array([[-0.05823506],\n       [-0.01489102],\n       [ 1.25772474]]), array([[ 0.23426548],\n       [-0.34893083],\n       [ 1.02918   ]]), array([[-0.48671293],\n       [ 0.12538175],\n       [ 0.74462767]]), array([[-0.3175223 ],\n       [-0.12571161],\n       [ 0.50922123]]), array([[ 0.68710195],\n       [-0.44029606],\n       [ 0.48041665]]), array([[-0.23006165],\n       [-0.27463315],\n       [ 0.60770392]]), array([[-0.59117106],\n       [-0.70689261],\n       [-0.13040826]]), array([[-0.41047477],\n       [ 0.32343802],\n       [ 0.88135016]]), array([[-0.74182863],\n       [-0.31934031],\n       [-0.06622478]]), array([[-0.64731423],\n       [-0.22278889],\n       [ 0.1929893 ]]), array([[-0.96372969],\n       [-0.10567715],\n       [ 0.11277569]]), array([[-0.13204315],\n       [ 0.10187685],\n       [ 0.67184185]]), array([[ 0.56431825],\n       [-0.21019952],\n       [ 0.23905554]]), array([[ 0.25171596],\n       [-0.85788355],\n       [ 1.09458196]]), array([[-0.71231892],\n       [ 0.27666801],\n       [ 0.87816297]]), array([[-0.13511356],\n       [-0.10607656],\n       [ 0.45598056]]), array([[ 0.0096444 ],\n       [-0.16065611],\n       [ 0.1836794 ]]), array([[ 0.34646695],\n       [-0.17633222],\n       [ 0.18743917]]), array([[0.23191258],\n       [0.92262836],\n       [0.49927036]]), array([[-0.10041275],\n       [-0.08455244],\n       [ 0.43975753]]), array([[-0.49940658],\n       [-0.15718392],\n       [ 1.02641238]]), array([[-2.42519280e-01],\n       [-3.78034578e-06],\n       [ 3.17028323e-01]]), array([[ 0.56335014],\n       [-0.28360843],\n       [ 0.06374145]]), array([[ 0.51695089],\n       [-0.41479583],\n       [ 0.05227831]]), array([[ 0.23553839],\n       [-0.47712439],\n       [ 0.43412811]]), array([[0.45093703],\n       [0.50327058],\n       [0.28298871]]), array([[-0.53255466],\n       [-0.24299561],\n       [ 0.45939072]]), array([[-0.24672552],\n       [ 0.2637979 ],\n       [ 1.51546514]]), array([[-0.06661166],\n       [-0.19109139],\n       [ 0.9185351 ]]), array([[-0.1416452 ],\n       [ 0.27491525],\n       [ 0.64378054]]), array([[0.26954829],\n       [0.24724361],\n       [0.39217143]]), array([[-0.35635201],\n       [-0.23266316],\n       [ 0.40315427]]), array([[-0.0735653 ],\n       [-0.55594999],\n       [ 1.20076202]]), array([[ 0.2223811 ],\n       [-0.21182357],\n       [ 1.39852283]]), array([[ 0.86339387],\n       [-0.17892335],\n       [ 0.39217375]]), array([[ 0.33124847],\n       [-0.52772256],\n       [ 0.49897746]]), array([[-0.4718528 ],\n       [-0.43066959],\n       [ 0.06567731]]), array([[-0.68577299],\n       [ 0.04336582],\n       [ 0.7137836 ]]), array([[-0.37680692],\n       [-0.27604762],\n       [ 0.5849027 ]]), array([[ 0.49449792],\n       [-0.4416282 ],\n       [ 0.21347855]]), array([[-0.31916267],\n       [-0.01853149],\n       [ 0.41775509]]), array([[ 0.90234852],\n       [-0.31470228],\n       [ 0.51674514]]), array([[ 0.12204987],\n       [-0.34583623],\n       [ 0.80888339]]), array([[ 0.41485526],\n       [-0.84371875],\n       [ 0.82382285]]), array([[ 0.22625023],\n       [-0.28121844],\n       [ 0.10553764]]), array([[-0.32509886],\n       [-0.14067862],\n       [ 1.28255777]]), array([[-0.60071739],\n       [-0.12534313],\n       [ 1.04903648]]), array([[-0.00877727],\n       [-0.08660076],\n       [ 0.7951487 ]]), array([[ 0.06845819],\n       [-0.26179367],\n       [ 0.19984463]]), array([[-0.60445174],\n       [-0.14998505],\n       [ 0.39659673]]), array([[0.11785577],\n       [0.30185723],\n       [0.49961102]]), array([[-0.12131429],\n       [-0.38025732],\n       [ 0.5326139 ]]), array([[-0.28597578],\n       [-0.02647641],\n       [ 1.48661814]]), array([[-0.10002364],\n       [ 0.01579638],\n       [ 1.32844068]]), array([[-0.21912409],\n       [ 0.23735972],\n       [ 1.47587864]]), array([[-0.14014091],\n       [-0.17554086],\n       [ 1.03682164]]), array([[-0.35567655],\n       [-0.3326844 ],\n       [ 0.26549699]]), array([[ 0.01243489],\n       [-0.22629319],\n       [ 0.41471851]])]\n[array([[-0.46155811],\n       [-6.78624901],\n       [33.24798598]]), array([[ 2.84526322],\n       [-8.59178053],\n       [32.544361  ]]), array([[ 4.01227376],\n       [-3.5391739 ],\n       [30.19586694]]), array([[-5.9365953 ],\n       [-3.06073353],\n       [33.41478396]]), array([[-1.04829202],\n       [-4.52269041],\n       [32.01945638]]), array([[ 2.44397895],\n       [-5.90873829],\n       [28.86309171]]), array([[-4.44365522],\n       [-3.52909171],\n       [33.35224727]]), array([[-2.43031827],\n       [-4.08221313],\n       [26.08571801]]), array([[-2.35817405],\n       [-4.10486898],\n       [34.69360497]]), array([[ 1.59826467],\n       [-5.90713458],\n       [29.43540398]]), array([[-5.22570938],\n       [-3.81035155],\n       [31.58406328]]), array([[ 3.10705929],\n       [-5.61906132],\n       [30.75038947]]), array([[ 0.18549214],\n       [-6.53840274],\n       [28.65476509]]), array([[-5.06378111],\n       [-5.91965804],\n       [30.12273696]]), array([[ 2.16776756],\n       [-8.0633674 ],\n       [27.0174728 ]]), array([[-0.79961584],\n       [-8.93344398],\n       [29.36264497]]), array([[-5.50904131],\n       [-4.14551946],\n       [31.44817231]]), array([[ 0.14867417],\n       [-5.79871361],\n       [31.16415415]]), array([[ 0.78192001],\n       [-7.3692701 ],\n       [33.74699007]]), array([[ 1.60380353],\n       [-0.88605546],\n       [28.72756711]]), array([[-0.51449039],\n       [-6.31919201],\n       [30.23838017]]), array([[-5.73336015],\n       [-3.71329337],\n       [27.85253202]]), array([[-4.9481034 ],\n       [-4.28449254],\n       [31.39512689]]), array([[-4.07584033],\n       [-4.84846192],\n       [30.64906793]]), array([[-4.96464069],\n       [-5.21495341],\n       [27.88148131]]), array([[-4.4264638 ],\n       [-3.4758119 ],\n       [32.90972716]]), array([[ 0.06317886],\n       [-6.00102985],\n       [33.83823631]]), array([[-2.70989883],\n       [-4.98554838],\n       [28.03498581]]), array([[ 0.95954715],\n       [-4.56506929],\n       [28.72206941]]), array([[-0.92481356],\n       [-5.34908616],\n       [27.17202218]]), array([[-0.76230946],\n       [-8.22861963],\n       [31.29052419]]), array([[-1.9750917 ],\n       [-5.54839312],\n       [27.84959784]]), array([[-0.41863108],\n       [-6.95397137],\n       [30.30210356]]), array([[ 0.04201096],\n       [-7.32644467],\n       [31.70277243]]), array([[-5.24678848],\n       [-3.68650057],\n       [31.03441593]]), array([[-3.46086534],\n       [-4.88145919],\n       [27.33833091]]), array([[-3.49052073],\n       [-4.37675559],\n       [33.11421966]]), array([[-2.4282319 ],\n       [-4.0899814 ],\n       [25.59228377]]), array([[ 0.39171784],\n       [-4.5740946 ],\n       [29.80121046]]), array([[ 0.2906026 ],\n       [-7.25609019],\n       [30.38464391]]), array([[-4.45694478],\n       [-5.19222993],\n       [32.55543738]]), array([[ 0.24398404],\n       [-4.03079445],\n       [30.06648715]]), array([[-4.00448752],\n       [-5.04714798],\n       [31.47174896]]), array([[-2.0038797 ],\n       [-4.41434352],\n       [33.60330671]]), array([[-1.50035664],\n       [-5.75588695],\n       [27.77261198]]), array([[-5.76505206],\n       [-3.9277758 ],\n       [28.66540443]]), array([[-0.41549068],\n       [-6.07644834],\n       [26.81485938]]), array([[-2.72065758],\n       [-6.79831036],\n       [30.00841296]]), array([[-4.98852066],\n       [ 1.10422403],\n       [30.9718346 ]]), array([[ 0.04865135],\n       [-5.09470429],\n       [29.13776102]]), array([[-3.50331242],\n       [-5.51194864],\n       [31.49015714]]), array([[-2.59782493],\n       [-5.31719545],\n       [28.51114813]]), array([[-0.60344511],\n       [-7.93209487],\n       [31.23486162]]), array([[ 2.15150628],\n       [-6.38461855],\n       [31.43162447]]), array([[ 0.86305597],\n       [-7.1863522 ],\n       [29.16598877]]), array([[ 0.62026333],\n       [-8.56037081],\n       [33.75508219]]), array([[-3.49813542],\n       [-5.07361397],\n       [31.18876524]]), array([[-0.54157241],\n       [-5.27628739],\n       [27.16393782]]), array([[-1.67516147],\n       [-5.9637676 ],\n       [30.08878613]]), array([[-5.39042889],\n       [-3.17436472],\n       [30.57284079]]), array([[ 1.99428929],\n       [-5.33053877],\n       [33.79806122]]), array([[-3.32206605],\n       [-5.29445857],\n       [31.7869408 ]]), array([[-4.72486364],\n       [-3.47357189],\n       [32.19142999]]), array([[-2.16836183],\n       [-2.17381777],\n       [35.38440134]]), array([[-0.15892302],\n       [-6.2913864 ],\n       [31.57402774]]), array([[-3.39303182],\n       [-3.63581881],\n       [27.01800728]]), array([[-0.54466591],\n       [-4.79217684],\n       [28.23779563]]), array([[-1.8212151 ],\n       [-3.59053283],\n       [32.70151376]]), array([[-3.48895337],\n       [-5.70682531],\n       [30.42496561]]), array([[-3.53265225],\n       [-5.13225414],\n       [28.86730462]]), array([[-2.15878426],\n       [-5.26872166],\n       [29.47085763]]), array([[-3.07017431],\n       [-6.11640461],\n       [32.23918515]]), array([[-2.9746148 ],\n       [-5.56897813],\n       [30.50550471]]), array([[-0.90108646],\n       [-4.56548032],\n       [30.47429249]]), array([[-3.21662769],\n       [-5.09401176],\n       [31.23593927]]), array([[-5.18718484],\n       [-3.6988812 ],\n       [26.46806422]]), array([[-4.93321329],\n       [-3.12344278],\n       [26.8521726 ]]), array([[-3.79575987],\n       [-3.63755786],\n       [26.95739038]]), array([[-4.87164768],\n       [-5.76450733],\n       [30.18401984]]), array([[-3.87612136],\n       [-4.43761922],\n       [31.27959623]]), array([[ 3.35155333],\n       [-6.8651869 ],\n       [32.36224332]]), array([[ 0.85319861],\n       [-7.88833224],\n       [30.52056223]]), array([[-0.64276102],\n       [-6.02018161],\n       [32.99091557]]), array([[-4.81138798],\n       [-6.1643582 ],\n       [30.14360371]]), array([[-4.34847759],\n       [-4.7151652 ],\n       [31.43425158]]), array([[-0.21687189],\n       [-5.34553661],\n       [29.10388926]]), array([[ 3.89207363],\n       [-5.47297891],\n       [31.22224302]]), array([[-3.72997181],\n       [-2.73751244],\n       [26.83580896]]), array([[-3.03915931],\n       [-4.4826117 ],\n       [26.86062387]]), array([[-5.4757587 ],\n       [-3.84954681],\n       [31.27608328]]), array([[-2.37271689e-02],\n       [-5.16676177e+00],\n       [ 3.36813217e+01]]), array([[-3.18138332],\n       [-5.22480034],\n       [32.01396395]]), array([[-1.3732176 ],\n       [-5.97481067],\n       [27.24078401]]), array([[-0.9927354 ],\n       [-6.81375821],\n       [33.03349243]]), array([[-1.51374539],\n       [-3.1507983 ],\n       [28.47009832]]), array([[ 0.22946996],\n       [-7.2071579 ],\n       [28.44224488]]), array([[ 1.15143079],\n       [-6.41990852],\n       [27.8221169 ]]), array([[-4.57908398],\n       [-4.62772218],\n       [28.24863015]]), array([[-1.0894909 ],\n       [-4.79120705],\n       [30.35830817]]), array([[ 1.19220237],\n       [-5.10298994],\n       [33.2795428 ]]), array([[ 0.10899607],\n       [-6.93266039],\n       [30.19372599]]), array([[-0.89332218],\n       [-5.8702672 ],\n       [27.51378041]]), array([[-4.16085417],\n       [-4.6382717 ],\n       [33.22987396]]), array([[-3.41739813],\n       [-5.66449742],\n       [30.65944085]]), array([[-3.18292979],\n       [-5.45406442],\n       [29.77904891]]), array([[ 0.07846651],\n       [-4.2752508 ],\n       [30.30190361]]), array([[ 2.28096802],\n       [-6.76031628],\n       [31.52980544]]), array([[ 1.0792401 ],\n       [-5.37069135],\n       [31.23132058]]), array([[ 1.41129226],\n       [-7.87305528],\n       [30.61674283]]), array([[-4.9835261 ],\n       [-5.90495976],\n       [30.80489878]]), array([[-2.52190538],\n       [-4.73041231],\n       [28.77446589]])]\n"
    }
   ],
   "source": [
    "# getting camera matrics, rotation and translation vectors, and also distortion coefficients\n",
    "ret, mtx, dist, rvecs, tvecs = cv2.calibrateCamera(objpoints, imgpoints, gray.shape[::-1], None, None)\n",
    "print(ret)\n",
    "print(mtx)\n",
    "print(dist)\n",
    "print(rvecs)\n",
    "print(tvecs)\n"
   ]
  },
  {
   "cell_type": "code",
   "execution_count": 3,
   "metadata": {
    "tags": []
   },
   "outputs": [
    {
     "output_type": "stream",
     "name": "stdout",
     "text": "[[[ 8.47498953e-01 -4.96364236e-01 -1.88064098e-01]\n  [ 5.27475417e-01  7.47986674e-01  4.02846813e-01]\n  [-5.92893139e-02 -4.40611422e-01  8.95737886e-01]]\n\n [[ 1.02059938e-01 -9.93767440e-01  4.48332019e-02]\n  [ 8.92320275e-01  1.11376457e-01  4.37446892e-01]\n  [-4.39713836e-01 -4.64022579e-03  8.98125947e-01]]\n\n [[-1.23657107e-01 -9.44307685e-01 -3.04945707e-01]\n  [ 7.63339400e-01  1.05834328e-01 -6.37269199e-01]\n  [ 6.34051979e-01 -3.11579943e-01  7.07740128e-01]]\n\n [[ 9.23255444e-01  2.37524077e-01 -3.01963031e-01]\n  [ 1.73092872e-01  4.44514871e-01  8.78888726e-01]\n  [ 3.42984289e-01 -8.63706470e-01  3.69287074e-01]]\n\n [[ 9.59857881e-01 -1.98593602e-01 -1.98074296e-01]\n  [ 2.26699665e-01  9.65125620e-01  1.30918965e-01]\n  [ 1.65166900e-01 -1.70566976e-01  9.71404552e-01]]\n\n [[ 2.93262322e-02 -9.84318018e-01 -1.73948154e-01]\n  [ 6.73733771e-01  1.48017451e-01 -7.23998368e-01]\n  [ 7.38391995e-01 -9.59626064e-02  6.67509139e-01]]\n\n [[ 9.87819970e-01 -1.53889462e-01  2.30152886e-02]\n  [ 9.40269977e-02  7.08208740e-01  6.99713707e-01]\n  [-1.23978198e-01 -6.89027131e-01  7.14052498e-01]]\n\n [[ 8.02689075e-01 -5.44272542e-01 -2.43839443e-01]\n  [ 2.38845661e-01  6.68000400e-01 -7.04789519e-01]\n  [ 5.46482444e-01  5.07486820e-01  6.66193724e-01]]\n\n [[ 9.94780898e-01 -6.39746711e-02 -7.94871077e-02]\n  [ 1.02022015e-01  6.35638416e-01  7.65215874e-01]\n  [ 1.57062395e-03 -7.69331574e-01  6.38847768e-01]]\n\n [[ 4.77549940e-01 -7.29945719e-01 -4.89004433e-01]\n  [ 6.45198703e-01  6.69136882e-01 -3.68747175e-01]\n  [ 5.96376300e-01 -1.39409825e-01  7.90506303e-01]]\n\n [[ 9.87804770e-01 -1.39356807e-01 -6.94360584e-02]\n  [ 1.55236527e-01  8.47227216e-01  5.08042991e-01]\n  [-1.19711347e-02 -5.12626290e-01  8.58528376e-01]]\n\n [[ 1.42695054e-01 -9.68185246e-01 -2.05561310e-01]\n  [ 9.71756160e-01  1.76483542e-01 -1.56663582e-01]\n  [ 1.87957555e-01 -1.77400351e-01  9.66023326e-01]]\n\n [[ 7.00835884e-01 -6.88879550e-01 -1.85132310e-01]\n  [ 5.97649336e-01  7.08751619e-01 -3.74815106e-01]\n  [ 3.89415294e-01  1.52039692e-01  9.08427000e-01]]\n\n [[ 6.62101448e-01 -1.39838070e-01  7.36252010e-01]\n  [ 5.92259288e-01  6.99601114e-01 -3.99733871e-01]\n  [-4.59184736e-01  7.00716496e-01  5.46027303e-01]]\n\n [[ 5.12632847e-01 -8.52750242e-01  1.00122899e-01]\n  [ 6.98106349e-01  3.46074462e-01 -6.26801372e-01]\n  [ 4.99855071e-01  3.91215414e-01  7.72719502e-01]]\n\n [[ 9.13927376e-01 -4.01633024e-01  5.85465282e-02]\n  [ 3.93384635e-01  8.41018975e-01 -3.71396840e-01]\n  [ 9.99265015e-02  3.62461060e-01  9.26626503e-01]]\n\n [[ 9.95772004e-01 -2.10297946e-02 -8.94194618e-02]\n  [ 5.64233772e-02  9.08189118e-01  4.14739579e-01]\n  [ 7.24878907e-02 -4.18031394e-01  9.05535877e-01]]\n\n [[ 3.70489836e-01 -8.96156371e-01 -2.44215176e-01]\n  [ 9.28534150e-01  3.64046693e-01  7.27623925e-02]\n  [ 2.36992426e-02 -2.53719836e-01  9.66987371e-01]]\n\n [[ 8.04095685e-01 -5.25759757e-01 -2.77501017e-01]\n  [ 5.88219225e-01  6.35936558e-01  4.99582648e-01]\n  [-8.61874148e-02 -5.64943671e-01  8.20615828e-01]]\n\n [[-4.79660451e-01 -8.76929939e-01 -3.03261299e-02]\n  [ 4.79186743e-01 -2.32838392e-01 -8.46266150e-01]\n  [ 7.35055029e-01 -4.20452267e-01  5.31896591e-01]]\n\n [[ 8.24164093e-01 -5.28684199e-01 -2.03092530e-01]\n  [ 5.19922078e-01  8.48475635e-01 -9.88441557e-02]\n  [ 2.24576399e-01 -2.41284855e-02  9.74157691e-01]]\n\n [[ 9.81256485e-01 -1.65822983e-01 -9.81758013e-02]\n  [ 1.00414701e-01  8.74807000e-01 -4.73951101e-01]\n  [ 1.64476857e-01  4.55209285e-01  8.75061035e-01]]\n\n [[ 9.71259415e-01 -5.73581792e-02 -2.31009111e-01]\n  [ 1.61079511e-01  8.72919381e-01  4.60505337e-01]\n  [ 1.75238580e-01 -4.84480947e-01  8.57070386e-01]]\n\n [[ 8.77436221e-01 -3.23576748e-01 -3.54123950e-01]\n  [ 3.97213340e-01  9.03989494e-01  1.58191457e-01]\n  [ 2.68937260e-01 -2.79465675e-01  9.21722114e-01]]\n\n [[ 7.82173276e-01 -2.61323094e-01  5.65610468e-01]\n  [ 6.23050272e-01  3.22740346e-01 -7.12493539e-01]\n  [ 3.64569691e-03  9.09697175e-01  4.15256321e-01]]\n\n [[ 9.08193588e-01 -2.62160182e-01 -3.26276690e-01]\n  [ 4.14803237e-01  6.67834163e-01  6.18009567e-01]\n  [ 5.58812097e-02 -6.96612954e-01  7.15267599e-01]]\n\n [[ 7.14040041e-01 -6.96407735e-01 -7.18544796e-02]\n  [ 5.94222128e-01  5.48578978e-01  5.88184655e-01]\n  [-3.70198488e-01 -4.62684900e-01  8.05528224e-01]]\n\n [[ 8.82616341e-01 -3.98297995e-01 -2.49694094e-01]\n  [ 3.56486619e-01  9.13338304e-01 -1.96800455e-01]\n  [ 3.06440413e-01  8.46866965e-02  9.48115230e-01]]\n\n [[-2.94292644e-02 -8.51890802e-01 -5.22891939e-01]\n  [ 8.76992404e-01  2.28991762e-01 -4.22429949e-01]\n  [ 4.79602128e-01 -4.71004069e-01  7.40362704e-01]]\n\n [[ 8.85104060e-01 -1.77792817e-01 -4.30093557e-01]\n  [ 1.14191562e-01  9.78866816e-01 -1.69646978e-01]\n  [ 4.51166332e-01  1.01042174e-01  8.86701405e-01]]\n\n [[ 8.87994349e-01 -4.21365917e-01 -1.84165046e-01]\n  [ 4.45126235e-01  8.88156712e-01  1.14194356e-01]\n  [ 1.15449801e-01 -1.83380634e-01  9.76239145e-01]]\n\n [[ 7.31231987e-01 -6.16441011e-01 -2.92062134e-01]\n  [ 5.22647023e-01  7.81455159e-01 -3.40834171e-01]\n  [ 4.38337594e-01  9.65834260e-02  8.93606067e-01]]\n\n [[ 2.14800328e-01 -9.65014756e-01  1.50357321e-01]\n  [ 9.63710904e-01  2.34410331e-01  1.27722487e-01]\n  [-1.58499405e-01  1.17466159e-01  9.80346680e-01]]\n\n [[ 9.27962482e-01 -3.68962109e-01 -5.24650998e-02]\n  [ 3.71738881e-01  9.06451881e-01  2.00387657e-01]\n  [-2.63783615e-02 -2.05455542e-01  9.78310883e-01]]\n\n [[ 9.46620345e-01  2.58214027e-02 -3.21314722e-01]\n  [ 1.70048207e-01  8.06808174e-01  5.65812826e-01]\n  [ 2.73849428e-01 -5.90248942e-01  7.59350181e-01]]\n\n [[ 7.69786596e-01 -3.47461164e-01 -5.35443068e-01]\n  [ 2.82364875e-01  9.37682509e-01 -2.02537954e-01]\n  [ 5.72449684e-01  4.72068321e-03  8.19926262e-01]]\n\n [[ 8.75465512e-01 -4.80876625e-01 -4.81441393e-02]\n  [ 4.22664165e-01  7.13544905e-01  5.58756351e-01]\n  [-2.34339878e-01 -5.09520710e-01  8.27933252e-01]]\n\n [[ 5.74087262e-01 -6.28699958e-01 -5.24557114e-01]\n  [ 3.17800581e-01  7.61512339e-01 -5.64890862e-01]\n  [ 7.54603565e-01  1.57592118e-01  6.36975765e-01]]\n\n [[ 3.69228907e-02 -9.78914559e-01 -2.00905517e-01]\n  [ 9.87162650e-01  6.69907629e-02 -1.44990206e-01]\n  [ 1.55391827e-01 -1.92972958e-01  9.68821347e-01]]\n\n [[ 5.21129429e-01 -4.28858280e-01 -7.37905622e-01]\n  [ 6.47086442e-01  7.62288809e-01  1.39610060e-02]\n  [ 5.56509912e-01 -4.84764189e-01  6.74759507e-01]]\n\n [[ 9.48222280e-01 -2.08304808e-01 -2.39757419e-01]\n  [ 3.06657612e-01  7.96964467e-01  5.20392895e-01]\n  [ 8.26777965e-02 -5.66971600e-01  8.19577694e-01]]\n\n [[ 2.90874690e-02 -8.34374309e-01 -5.50430179e-01]\n  [ 9.55033660e-01  1.85749561e-01 -2.31101349e-01]\n  [ 2.95067191e-01 -5.18957198e-01  8.02258551e-01]]\n\n [[ 8.93707752e-01 -4.14351255e-01 -1.72045127e-01]\n  [ 4.47065741e-01  8.54665756e-01  2.63967216e-01]\n  [ 3.76659371e-02 -3.12825024e-01  9.49063659e-01]]\n\n [[ 9.91559625e-01 -7.13068321e-02 -1.08281210e-01]\n  [ 1.18521333e-01  8.37082386e-01  5.34084082e-01]\n  [ 5.25564477e-02 -5.42409837e-01  8.38468492e-01]]\n\n [[ 8.83105814e-01 -4.28721994e-01 -1.90582335e-01]\n  [ 2.99835980e-01  8.28142583e-01 -4.73580301e-01]\n  [ 3.60863626e-01  3.61078054e-01  8.59883785e-01]]\n\n [[ 9.76178467e-01 -4.87235114e-02 -2.11427674e-01]\n  [ 1.07873306e-02  9.84153152e-01 -1.76992148e-01]\n  [ 2.16700882e-01  1.70495182e-01  9.61234689e-01]]\n\n [[ 7.55827844e-01 -4.26536351e-01 -4.96780664e-01]\n  [ 1.99124768e-01  8.72509897e-01 -4.46179092e-01]\n  [ 6.23757660e-01  2.38313228e-01  7.44401217e-01]]\n\n [[ 9.83377099e-01  4.08922881e-02 -1.76910549e-01]\n  [-3.46318297e-02  9.98664737e-01  3.83331478e-02]\n  [ 1.78241849e-01 -3.15692015e-02  9.83480155e-01]]\n\n [[ 6.03337526e-01  7.64763057e-01  2.26100132e-01]\n  [-4.85994846e-01  1.27804756e-01  8.64566326e-01]\n  [ 6.32291734e-01 -6.31508827e-01  4.48780298e-01]]\n\n [[ 8.21814761e-02 -9.66866195e-01 -2.41693839e-01]\n  [ 9.46531415e-01  1.51634976e-01 -2.84754395e-01]\n  [ 3.11968625e-01 -2.05369279e-01  9.27630842e-01]]\n\n [[ 8.88950288e-01 -4.12225097e-01 -1.99594259e-01]\n  [ 4.53458786e-01  8.53398860e-01  2.57071048e-01]\n  [ 6.43623695e-02 -3.19031149e-01  9.45556223e-01]]\n\n [[ 6.09171629e-01  1.17450923e-01 -7.84292817e-01]\n  [ 1.24583513e-01  9.62518990e-01  2.40906805e-01]\n  [ 7.83191502e-01 -2.44463548e-01  5.71706772e-01]]\n\n [[ 8.03399682e-01 -5.21844745e-01 -2.86752552e-01]\n  [ 5.30065179e-01  8.46182585e-01 -5.48269041e-02]\n  [ 2.71256149e-01 -1.07949622e-01  9.56434488e-01]]\n\n [[ 3.08099449e-01 -9.50368822e-01 -4.32883538e-02]\n  [ 9.51127291e-01  3.06713283e-01  3.58307436e-02]\n  [-2.07753070e-02 -5.22121675e-02  9.98419881e-01]]\n\n [[ 4.67879295e-01 -8.66747320e-01 -1.72736898e-01]\n  [ 7.93084025e-01  4.98010784e-01 -3.50717783e-01]\n  [ 3.90008539e-01  2.70987153e-02  9.20412421e-01]]\n\n [[ 7.33570635e-01 -6.76945150e-01 -6.01616837e-02]\n  [ 6.19915724e-01  6.30226493e-01  4.67460245e-01]\n  [-2.78529465e-01 -3.80210280e-01  8.81964564e-01]]\n\n [[ 8.66700768e-01 -4.58569676e-01 -1.96325287e-01]\n  [ 4.97251004e-01  8.25507402e-01  2.66981274e-01]\n  [ 3.96384634e-02 -3.29015821e-01  9.43492115e-01]]\n\n [[ 8.03070426e-01 -5.52057087e-01 -2.24300846e-01]\n  [ 2.71471888e-01  6.74037218e-01 -6.87005699e-01]\n  [ 5.30453503e-01  4.90822613e-01  6.91167295e-01]]\n\n [[ 7.86706388e-01 -5.28236091e-01 -3.19467813e-01]\n  [ 5.88841498e-01  7.97495127e-01  1.31404921e-01]\n  [ 1.85361177e-01 -2.91492999e-01  9.38441813e-01]]\n\n [[ 7.59766459e-01  3.06674451e-01 -5.73328614e-01]\n  [ 8.19130689e-02  8.29606175e-01  5.52307725e-01]\n  [ 6.45015597e-01 -4.66587991e-01  6.05186343e-01]]\n\n [[ 5.96536934e-01 -7.95800984e-01  1.04136698e-01]\n  [ 6.74254298e-01  5.67296624e-01  4.72816736e-01]\n  [-4.35344428e-01 -2.11838052e-01  8.74985635e-01]]\n\n [[ 9.49665308e-01  1.71317369e-01 -2.62271076e-01]\n  [ 5.28952628e-02  7.37501204e-01  6.73271179e-01]\n  [ 3.08768272e-01 -6.53255224e-01  6.91317439e-01]]\n\n [[ 9.58360851e-01 -1.08005784e-01 -2.64346808e-01]\n  [ 2.46242017e-01  7.81326473e-01  5.73492646e-01]\n  [ 1.44600630e-01 -6.14706159e-01  7.75388300e-01]]\n\n [[ 9.88975525e-01 -4.86976691e-02 -1.39842570e-01]\n  [ 1.42709047e-01  5.65458417e-01  8.12336683e-01]\n  [ 3.95162553e-02 -8.23337913e-01  5.66174150e-01]]\n\n [[ 7.78198183e-01 -6.25918388e-01  5.13203852e-02]\n  [ 6.12994909e-01  7.74808586e-01  1.54625043e-01]\n  [-1.36546135e-01 -8.88697878e-02  9.86639380e-01]]\n\n [[ 9.51082110e-01 -2.79941469e-01 -1.30673781e-01]\n  [ 1.65413976e-01  8.18677127e-01 -5.49914479e-01]\n  [ 2.60923505e-01  5.01398563e-01  8.24935377e-01]]\n\n [[ 1.83585778e-01 -8.56052399e-01 -4.83187914e-01]\n  [ 6.73744023e-01  4.67506111e-01 -5.72282314e-01]\n  [ 7.15796947e-01 -2.20482081e-01  6.62587643e-01]]\n\n [[ 6.21896386e-01 -7.80741751e-01 -6.07223175e-02]\n  [ 6.04939580e-01  4.29724455e-01  6.70361817e-01]\n  [-4.97285604e-01 -4.53628927e-01  7.39545703e-01]]\n\n [[ 8.92565846e-01 -4.31124419e-01 -1.32128447e-01]\n  [ 4.45175439e-01  8.89132857e-01  1.06120400e-01]\n  [ 7.17286542e-02 -1.53539792e-01  9.85535681e-01]]\n\n [[ 9.70373452e-01 -1.82629883e-01 -1.58182546e-01]\n  [ 1.81088135e-01  9.83168364e-01 -2.42302436e-02]\n  [ 1.59945250e-01 -5.13260020e-03  9.87112522e-01]]\n\n [[ 9.67397571e-01 -2.11749628e-01 -1.38939023e-01]\n  [ 1.51598781e-01  9.23610449e-01 -3.52081716e-01]\n  [ 2.02878699e-01  3.19539994e-01  9.25599515e-01]]\n\n [[ 5.00677884e-01 -3.11531454e-01  8.07632208e-01]\n  [ 5.05694389e-01  8.62499058e-01  1.91988051e-02]\n  [-7.02563047e-01  3.98802638e-01  5.89373946e-01]]\n\n [[ 9.01479661e-01 -4.20311362e-01 -1.03309318e-01]\n  [ 4.28653508e-01  9.00038421e-01  7.86576197e-02]\n  [ 5.99216670e-02 -1.15192153e-01  9.91534233e-01]]\n\n [[ 5.17953157e-01 -7.78809309e-01 -3.53808731e-01]\n  [ 8.48998547e-01  4.17495847e-01  3.23880702e-01]\n  [-1.04527622e-01 -4.68138129e-01  8.77451241e-01]]\n\n [[ 9.50410187e-01 -3.08676392e-01 -3.79387252e-02]\n  [ 3.08677286e-01  9.21390772e-01  2.36129999e-01]\n  [-3.79313640e-02 -2.36131176e-01  9.70980585e-01]]\n\n [[ 9.59147632e-01 -1.36803001e-01 -2.47630209e-01]\n  [-1.76885445e-02  8.44597280e-01 -5.35109878e-01]\n  [ 2.82352418e-01  5.17629623e-01  8.07673633e-01]]\n\n [[ 9.15777862e-01 -1.51834100e-01 -3.71883482e-01]\n  [-5.48118204e-02  8.69913936e-01 -4.90148306e-01]\n  [ 3.97927850e-01  4.69250560e-01  7.88325667e-01]]\n\n [[ 7.99991608e-01 -4.54818457e-01 -3.91348362e-01]\n  [ 3.46785009e-01  8.82745981e-01 -3.17016900e-01]\n  [ 4.89646345e-01  1.17897108e-01  8.63913596e-01]]\n\n [[ 8.40640903e-01 -1.49859175e-01  5.20447016e-01]\n  [ 3.66832167e-01  8.64512503e-01 -3.43587369e-01]\n  [-3.98443222e-01  4.79750305e-01  7.81717777e-01]]\n\n [[ 8.71073902e-01 -3.56381625e-01 -3.37967992e-01]\n  [ 4.79928076e-01  7.63876379e-01  4.31464821e-01]\n  [ 1.04399636e-01 -5.38038075e-01  8.36430371e-01]]\n\n [[ 3.76392268e-02 -9.99142587e-01  1.72440484e-02]\n  [ 9.46200967e-01  4.11840267e-02  3.20948035e-01]\n  [-3.21383029e-01  4.23609978e-03  9.46939826e-01]]\n\n [[ 5.91392577e-01 -7.83060312e-01 -1.92539290e-01]\n  [ 7.94878066e-01  6.06283844e-01 -2.42643040e-02]\n  [ 1.35733873e-01 -1.38695523e-01  9.80989218e-01]]\n\n [[ 7.65223742e-01 -6.09084606e-01  2.08443254e-01]\n  [ 5.71771562e-01  7.91821241e-01  2.14700833e-01]\n  [-2.95820743e-01 -4.51122485e-02  9.54177618e-01]]\n\n [[ 8.95086944e-01 -3.41111749e-01  2.87162274e-01]\n  [ 4.06173915e-01  8.89460325e-01 -2.09483013e-01]\n  [-1.83962315e-01  3.04143310e-01  9.34695005e-01]]\n\n [[ 8.94734323e-01 -3.40175658e-01 -2.89363116e-01]\n  [ 4.20738310e-01  8.59338343e-01  2.90717900e-01]\n  [ 1.49765670e-01 -3.81861418e-01  9.12004411e-01]]\n\n [[ 2.45406181e-01 -8.61254930e-01 -4.44989592e-01]\n  [ 8.96507323e-01  3.76278937e-01 -2.33856410e-01]\n  [ 3.68850201e-01 -3.41546595e-01  8.64462495e-01]]\n\n [[ 1.59282178e-01 -9.87106264e-01 -1.58257093e-02]\n  [ 9.47518289e-01  1.57355905e-01 -2.78295100e-01]\n  [ 2.77197093e-01  2.93322988e-02  9.60365236e-01]]\n\n [[ 9.14083004e-01 -4.05505896e-01  4.14539268e-03]\n  [ 2.62647122e-01  5.84203303e-01 -7.67934263e-01]\n  [ 3.08980137e-01  7.03044415e-01  6.40515268e-01]]\n\n [[ 7.49975324e-01 -5.30509353e-01 -3.95090908e-01]\n  [ 3.64789337e-01  8.29971492e-01 -4.21990573e-01]\n  [ 5.51784158e-01  1.72357559e-01  8.15982282e-01]]\n\n [[ 9.08322096e-01  3.69069204e-02 -4.16639984e-01]\n  [ 1.59416720e-01  8.90367746e-01  4.26417202e-01]\n  [ 3.86700541e-01 -4.53743547e-01  8.02857101e-01]]\n\n [[ 7.64559686e-01 -6.16294444e-01 -1.88758180e-01]\n  [ 5.88909864e-01  5.48900425e-01  5.93206108e-01]\n  [-2.61980176e-01 -5.64703047e-01  7.82608986e-01]]\n\n [[ 8.00428510e-01 -4.82167870e-01 -3.56129676e-01]\n  [ 5.81417620e-01  7.69045234e-01  2.65561581e-01]\n  [ 1.45834580e-01 -4.19623137e-01  8.95906627e-01]]\n\n [[ 8.84481430e-01 -3.01479846e-01 -3.56093407e-01]\n  [ 9.17829350e-02  8.60719442e-01 -5.00737369e-01]\n  [ 4.57458764e-01  4.10209596e-01  7.88961053e-01]]\n\n [[ 9.14566338e-01 -3.95862818e-01 -8.28312039e-02]\n  [ 4.01642233e-01  8.64965498e-01  3.00862461e-01]\n  [-4.74541262e-02 -3.08427185e-01  9.50063586e-01]]\n\n [[ 8.34277511e-01 -5.49484372e-01 -4.52535897e-02]\n  [ 2.92368054e-01  5.10497451e-01 -8.08649063e-01]\n  [ 4.67441857e-01  6.61407053e-01  5.86548269e-01]]\n\n [[ 6.37828112e-01 -7.26412773e-01 -2.55929142e-01]\n  [ 6.86906099e-01  6.86829269e-01 -2.37540528e-01]\n  [ 3.48332107e-01 -2.42892709e-02  9.37056422e-01]]\n\n [[ 3.90679598e-01 -7.78793693e-01 -4.90764558e-01]\n  [ 4.72043484e-01  6.27194464e-01 -6.19517624e-01]\n  [ 7.90281177e-01  1.03706876e-02  6.12656593e-01]]\n\n [[ 9.55418110e-01 -1.34507537e-01 -2.62838304e-01]\n  [ 7.16280565e-02  9.69201863e-01 -2.35620931e-01]\n  [ 2.86436170e-01  2.06289902e-01  9.35627460e-01]]\n\n [[ 2.83410013e-01 -9.16546822e-01 -2.82171398e-01]\n  [ 9.55919623e-01  2.46434838e-01  1.59648076e-01]\n  [-7.67880753e-02 -3.14979047e-01  9.45987225e-01]]\n\n [[ 5.07305801e-01 -7.75968790e-01 -3.74850959e-01]\n  [ 8.42441082e-01  3.54953706e-01  4.05340433e-01]\n  [-1.81476787e-01 -5.21421432e-01  8.33778083e-01]]\n\n [[ 6.96815789e-01 -7.12665856e-01 -8.09641406e-02]\n  [ 7.13386297e-01  7.00333357e-01 -2.47623809e-02]\n  [ 7.43491948e-02 -4.05038893e-02  9.96409357e-01]]\n\n [[ 9.46272612e-01 -2.04973593e-01 -2.50107855e-01]\n  [ 1.87220037e-01  9.77897406e-01 -9.30876285e-02]\n  [ 2.63660312e-01  4.12610695e-02  9.63732719e-01]]\n\n [[ 9.14117992e-01 -3.18225235e-01 -2.51239002e-01]\n  [ 4.04839545e-01  7.50332654e-01  5.22595346e-01]\n  [ 2.22098082e-02 -5.79425275e-01  8.14722717e-01]]\n\n [[ 8.34610939e-01 -4.53333288e-01  3.12911391e-01]\n  [ 4.87869918e-01  8.72097135e-01 -3.78091708e-02]\n  [-2.55748987e-01  1.84216008e-01  9.49029446e-01]]\n\n [[ 7.93652654e-01 -4.71925646e-01 -3.83929282e-01]\n  [ 5.16378284e-01  8.56229722e-01  1.49721131e-02]\n  [ 3.21665913e-01 -2.10135400e-01  9.23241138e-01]]\n\n [[ 9.03123319e-02 -9.77152646e-01 -1.92396507e-01]\n  [ 9.83383894e-01  5.69485277e-02  1.72374696e-01]\n  [-1.57479689e-01 -2.04767182e-01  9.66059268e-01]]\n\n [[ 2.40551874e-01 -9.69562054e-01 -4.56529222e-02]\n  [ 9.68202353e-01  2.36354396e-01  8.19802955e-02]\n  [-6.86947182e-02 -6.39217794e-02  9.95587766e-01]]\n\n [[ 7.97165185e-02 -9.96537328e-01  2.36344263e-02]\n  [ 9.53696609e-01  8.31447989e-02  2.89049774e-01]\n  [-2.90013969e-01 -5.01970528e-04  9.57022250e-01]]\n\n [[ 4.97042269e-01 -8.41805577e-01 -2.10505083e-01]\n  [ 8.64183605e-01  5.02125084e-01  3.25129069e-02]\n  [ 7.83303306e-02 -1.98075339e-01  9.77051973e-01]]\n\n [[ 9.11715031e-01 -1.94427952e-01 -3.61902535e-01]\n  [ 3.09753060e-01  9.04002428e-01  2.94673800e-01]\n  [ 2.69867927e-01 -3.80758971e-01  8.84417295e-01]]\n\n [[ 8.90461743e-01 -4.00832772e-01 -2.15431973e-01]\n  [ 3.98070812e-01  9.15517151e-01 -5.80342039e-02]\n  [ 2.20493674e-01 -3.40799466e-02  9.74792838e-01]]]\n"
    }
   ],
   "source": [
    "# building a 3x3 rotation matrices from rotation vectors\n",
    "rmatrices = np.zeros((111, 3, 3), np.float32)\n",
    "for i in range(len(rvecs)):\n",
    "    rmatrices[i], _ = cv2.Rodrigues(rvecs[i])\n",
    "print(rmatrices)"
   ]
  },
  {
   "cell_type": "code",
   "execution_count": 4,
   "metadata": {
    "tags": []
   },
   "outputs": [
    {
     "output_type": "stream",
     "name": "stdout",
     "text": "4000 2250\n111.01851851851852 111.01851851851852\n545 545\n609.7285368022168\n"
    }
   ],
   "source": [
    "# cup photo\n",
    "img = cv2.imread('cupPhoto/IMG_20201003_163651.jpg', 0)\n",
    "height, width = img.shape\n",
    "print(height, width)\n",
    "\n",
    "# found manually with croping from original image\n",
    "cellImg = img[1984 : height - 1908, 522 : width - 1620]\n",
    "cellHeightInPixels, cellWidthInPixels = cellImg.shape\n",
    "cupImg = img[1739: height - 1716, 1456 : width - 249]\n",
    "cupHeightInPixels, cupWidthInPixels = cupImg.shape\n",
    "'''\n",
    "counter = 1\n",
    "for i in range(10):\n",
    "    cupImg = img[1739: height - 1716, 1456 + counter : width - 249]\n",
    "    cv2.imshow(str(counter), cupImg)\n",
    "    counter += 1\n",
    "    cv2.waitKey(5000)\n",
    "    cv2.destroyAllWindows()\n",
    "'''\n",
    "\n",
    "# real size of calibration cessboard cell in mm, parameter can be get during calibration\n",
    "cellRealHeight = cellRealwidth = 22\n",
    "\n",
    "# coefficient of relationship a real size to size in pixels\n",
    "realToPixelCoef = cellRealHeight / cellHeightInPixels\n",
    "\n",
    "# calculating real size of an object\n",
    "cupRealHeight = cupHeightInPixels * realToPixelCoef\n",
    "cupRealWidth = cupWidthInPixels * realToPixelCoef\n",
    "print(cupRealHeight, cupRealWidth)\n",
    "print(cupHeightInPixels, cupWidthInPixels)\n",
    "# 3mm of error in size\n",
    "\n",
    "# the value is a fy from intrinsic parameters matrix\n",
    "realDistanseToCup = realToPixelCoef * mtx[1][1]\n",
    "# 30 mm error\n",
    "print(realDistanseToCup)\n",
    "\n"
   ]
  },
  {
   "cell_type": "code",
   "execution_count": null,
   "metadata": {},
   "outputs": [],
   "source": []
  }
 ]
}